.i 14
.o 24
---0----- 00000 00000 0000000000000000000
---100--0 00000 00101 1000000000000011000
---1-1--- 00000 00000 0000000000000000000
---110--0 00000 00000 1000000000000000000
---100--1 00000 10001 1000000101000100001
-----0--- 10100 11001 0000010101000110001
---110--1 00000 10001 1000000101000100001
-----00-- 10001 10001 0000000101000100001
-----1--- 10100 00000 0000000000000000000
-----00-- 10011 11001 0000000101000110001
-----10-- 10001 00000 0000000000000000000
-----01-- 10001 00001 0000000000000000001
-----10-- 10011 00000 0000000000000000000
----001-- 10011 01001 0000000000000010001
---0-11-- 10001 11110 0000000110000100001
------00- 10000 00000 0000000000000000000
---0-11-- 10011 11110 0000000110000100001
----101-- 10011 11100 0000000000000000001
------00- 10010 00000 0000000000000000000
---1-11-- 10001 01110 0000000110000100001
------00- 01111 00000 0000000000000000000
0----010- 10000 00001 0000000000000000001
------01- 10000 00000 0010000000000000000
---1-11-- 10011 01110 0000000110000100001
------00- 00111 00000 0000000000000000000
0---0010- 10010 01001 0000000000000010001
------01- 10010 00000 0010000000000000000
------00- 01110 00000 0000000000000000000
-0-0--10- 01111 11110 0000000000000000001
------01- 01111 00000 0010000000000000000
0----011- 10000 00001 0010000000000000001
---0-110- 10000 11110 0000000110000100001
1---0010- 10000 11000 0000001000010110101
0----010- 00111 11100 0000000000000000001
------01- 00111 00000 0010000000000000000
0---0011- 10010 01001 0010000000000010001
---0-110- 10010 11110 0000000110000100001
1-0-0010- 10010 10100 0000011000001110101
0---1010- 10010 11100 0000000000000000001
-0----10- 01110 01110 0000000000000000001
------01- 01110 00000 0010000000000000000
-0-0--11- 01111 11110 0010000000000000001
-1----10- 01111 10110 0000000000000000000
-0-1--10- 01111 01110 0000000000000000001
---0-111- 10000 11110 0010000110000100001
1---0011- 10000 11000 0010001000010110101
---1-110- 10000 01110 0000000110000100001
1---1010- 10000 01000 0000001000010100101
------00- 00011 00000 0000000000000000000
0----011- 00111 11100 0010000000000000001
---0-110- 00111 11110 0000000110000100001
1-0--010- 00111 00100 0000001000001100101
---0-111- 10010 11110 0010000110000100001
1-0-0011- 10010 10100 0010011000001110101
0---1011- 10010 11100 0010000000000000001
---1-110- 10010 01110 0000000110000100001
1-1-0010- 10010 10100 0100011000001110101
1-0-1010- 10010 01100 0000011000001100101
------00- 00101 00000 0000000000000000000
-0----11- 01110 01110 0010000000000000001
-1----10- 01110 00110 0000000000000000000
-1----11- 01111 10110 0010000000000000000
-0-1--11- 01111 01110 0010000000000000001
------0-- 01101 00000 0001000000000000000
---1-111- 10000 01110 0010000110000100001
1---1011- 10000 01000 0010001000010100101
------00- 00010 00000 0000000000000000000
0----010- 00011 11000 0000000000000010101
------01- 00011 00000 0010000000000000000
---0-111- 00111 11110 0010000110000100001
1-0--011- 00111 00100 0010001000001100101
---1-110- 00111 01110 0000000110000100001
1-1--010- 00111 00100 0100001000001100101
------00- 00100 00000 0000000000000000000
---1-111- 10010 01110 0010000110000100001
1-1-0011- 10010 10100 0110011000001110101
1-0-1011- 10010 01100 0010011000001100101
1-1-1010- 10010 01100 0100011000001100101
------00- 00110 00000 0000000000000000000
0----010- 00101 10100 0000000000000010101
------01- 00101 00000 0010000000000000000
-1----11- 01110 00110 0010000000000000000
----000-0 01100 00101 1000000000000011000
------1-- 01101 10110 0000000000000000000
0----010- 00010 01000 0000000000000000101
------01- 00010 00000 0010000000000000000
0----011- 00011 11000 0010000000000010101
---0-110- 00011 11110 0000000110000100001
1---0010- 00011 10000 0000010000100110101
---1-111- 00111 01110 0010000110000100001
1-1--011- 00111 00100 0110001000001100101
0----010- 00100 00100 0000000000000000101
------01- 00100 00000 0010000000000000000
1-1-1011- 10010 01100 0110011000001100101
0----010- 00110 01100 0000000000000000101
------01- 00110 00000 0010000000000000000
0----011- 00101 10100 0010000000000010101
---0-110- 00101 11110 0000000110000100001
1-0-0010- 00101 10100 0000010000001110101
------1-- 01100 00110 0000000000000000000
-----10-- 01100 00000 0000000000000000000
----100-0 01100 00000 1000000000000000000
----000-1 01100 10001 1000000101000100001
0----011- 00010 01000 0010000000000000101
---0-110- 00010 11110 0000000110000100001
1----010- 00010 00100 0000000000100100101
---0-111- 00011 11110 0010000110000100001
1---0011- 00011 10000 0010010000100110101
---1-110- 00011 01110 0000000110000100001
1---1010- 00011 01100 0000010000100100101
------00- 00001 00000 0000000000000000000
0----011- 00100 00100 0010000000000000101
---0-110- 00100 11110 0000000110000100001
1----010- 00100 10010 0000000000000000111
0----011- 00110 01100 0010000000000000101
---0-110- 00110 11110 0000000110000100001
1-0--010- 00110 00100 0000000000001100101
---0-111- 00101 11110 0010000110000100001
1-0-0011- 00101 10100 0010010000001110101
---1-110- 00101 01110 0000000110000100001
1-1-0010- 00101 10100 0100010000001110101
1-0-1010- 00101 01100 0000010000001100101
----100-1 01100 10001 1000000101000100001
---0-111- 00010 11110 0010000110000100001
1----011- 00010 00100 0010000000100100101
---1-110- 00010 01110 0000000110000100001
---1-111- 00011 01110 0010000110000100001
1---1011- 00011 01100 0010010000100100101
0----010- 00001 10000 0000000000000010101
------01- 00001 00000 0010000000000000000
---0-111- 00100 11110 0010000110000100001
1----011- 00100 10010 0010000000000000111
---1-110- 00100 01110 0000000110000100001
------00- 01001 00000 0000000000000000000
---0-111- 00110 11110 0010000110000100001
1-0--011- 00110 00100 0010000000001100101
---1-110- 00110 01110 0000000110000100001
1-1--010- 00110 00100 0100000000001100101
---1-111- 00101 01110 0010000110000100001
1-1-0011- 00101 10100 0110010000001110101
1-0-1011- 00101 01100 0010010000001100101
1-1-1010- 00101 01100 0100010000001100101
---1-111- 00010 01110 0010000110000100001
0----011- 00001 10000 0010000000000010101
---0-110- 00001 11110 0000000110000100001
1-0-0010- 00001 10100 0000010000001110101
---1-111- 00100 01110 0010000110000100001
0----010- 01001 10010 0000000000000000111
------01- 01001 00000 0010000000000000000
---1-111- 00110 01110 0010000110000100001
1-1--011- 00110 00100 0110000000001100101
1-1-1011- 00101 01100 0110010000001100101
---0-111- 00001 11110 0010000110000100001
1-0-0011- 00001 10100 0010010000001110101
---1-110- 00001 01110 0000000110000100001
1-1-0010- 00001 10100 0100010000001110101
1-0-1010- 00001 01100 0000010000001100101
0----011- 01001 10010 0010000000000000111
---0-110- 01001 11110 0000000110000100001
1----010- 01001 00010 0000000000000000111
---1-111- 00001 01110 0010000110000100001
1-1-0011- 00001 10100 0110010000001110101
1-0-1011- 00001 01100 0010010000001100101
1-1-1010- 00001 01100 0100010000001100101
---0-111- 01001 11110 0010000110000100001
1----011- 01001 00010 0010000000000000111
---1-110- 01001 01110 0000000110000100001
------00- 01000 00000 0000000000000000000
1-1-1011- 00001 01100 0110010000001100101
---1-111- 01001 01110 0010000110000100001
0----010- 01000 00010 0000000000000000111
------01- 01000 00000 0010000000000000000
0----011- 01000 00010 0010000000000000111
---0-110- 01000 11110 0000000110000100001
1----010- 01000 01010 0000000001000100001
---0-111- 01000 11110 0010000110000100001
1----011- 01000 01010 0010000001000100001
---1-110- 01000 01110 0000000110000100001
------00- 01010 00000 0000000000000000000
---1-111- 01000 01110 0010000110000100001
0----010- 01010 01010 0000000000000000001
------01- 01010 00000 0010000000000000000
0----011- 01010 01010 0010000000000000001
---0-110- 01010 11110 0000000110000100001
1----010- 01010 11010 0000000000000000000
---0-111- 01010 11110 0010000110000100001
1----011- 01010 11010 0010000000000000000
---1-110- 01010 01110 0000000110000100001
------0-- 01011 00000 0000100000000000000
---1-111- 01010 01110 0010000110000100001
------1-- 01011 11010 0000000000000000000
