.i 10
.o 12
0100000000 100000000000
0000100000 100000000000
0000010000 100000000000
1000000000 001000000000
0010000000 001000000000
0001000000 001000000000
0000001000 001000000000
1000000000 000000000010
0001000000 000000000010
0100000000 000000001001
0000100000 000000001001
0000010000 000000001001
0010000000 000000010010
0000001000 000000010010
0100000001 010000000000
0000100001 010000000000
0000010001 010000000000
1000000001 000100000000
0010000001 000100000000
0001000001 000100000000
0000001001 000100000000
1000000001 000000000010
0001000001 000000000010
0100000001 000000001001
0000100001 000000001001
0000010001 000000001001
0010000001 000000010010
0000001001 000000010010
0000100010 100000000000
0000010010 100000000000
0000001010 100000000000
1000000010 001000000000
0100000010 001000000000
0010000010 001000000000
0001000010 001000000000
0100000010 000000000100
0001000010 000000000100
1000000010 000000001010
0010000010 000000001010
0000100010 000000010001
0000010010 000000010001
0000001010 000000010001
0000100011 100000000000
0000010011 100000000000
0000001011 100000000000
1000000011 000100000000
0010000011 000100000000
0100000011 000010000000
0001000011 000010000000
0100000011 000000000100
0001000011 000000000100
1000000011 000000001010
0010000011 000000001010
0000100011 000000010101
0000010011 000000010101
0000001011 000000010101
0100000100 010000000000
0000100100 010000000000
1000000100 001000000000
0010000100 001000000000
0001000100 001000000000
0000010100 001000000000
0000001100 001000000000
0100000100 000000000101
0000100100 000000000101
1000000100 000000001000
0010000100 000000001000
0001000100 000000010100
0000010100 000000010100
0000001100 000000010100
0100000101 100000000000
0000100101 100000000000
1000000101 000010000000
0010000101 000010000000
0001000101 000010000000
0000010101 000010000000
0000001101 000010000000
1000000101 000000000010
0001000101 000000000010
0100000101 000000000101
0000100101 000000000101
0010000101 000000010010
0000001101 000000010010
0000010101 000000010100
0100000110 100000000000
0000100110 010000000000
0000010110 010000000000
0000001110 010000000000
1000000110 000010000000
0010000110 000010000000
0001000110 000010000000
0100000110 000000000001
1000000110 000000001010
0010000110 000000001010
0000100110 000000010001
0000010110 000000010001
0000001110 000000010001
0001000110 000000010100
0100000111 010000000000
0000100111 010000000000
0000010111 010000000000
0000001111 010000000000
1000000111 000001000000
0010000111 000001000000
0001000111 000000100000
0100000111 000000000001
1000000111 000000001000
0010000111 000000001000
0001000111 000000010000
0000100111 000000010101
0000010111 000000010101
0000001111 000000010101
11-------- 222222222222
1-1------- 222222222222
1--1------ 222222222222
1---1----- 222222222222
1----1---- 222222222222
1-----1--- 222222222222
0000000--- 222222222222
-11------- 222222222222
-1-1------ 222222222222
-1--1----- 222222222222
-1---1---- 222222222222
-1----1--- 222222222222
--11------ 222222222222
--1-1----- 222222222222
--1--1---- 222222222222
--1---1--- 222222222222
---11----- 222222222222
---1-1---- 222222222222
---1--1--- 222222222222
----11---- 222222222222
----1-1--- 222222222222
-----11--- 222222222222
