.i 12
.o 8
110001000100 10101101
110001000110 10101101
110001011100 10001110
110001011101 01000000
110001011110 10001000
110001011111 01000100
110011000100 10101011
110011000110 10101011
110011011100 10001100
110011011101 10110000
110101000100 10101001
110101000110 10101001
110111000100 10100111
110111000110 10100111
110111011100 10001100
110111011101 10110000
111001000100 10100101
111001000110 10100101
111001011100 10000010
111001011110 10000010
111010111100 10110000
111011000100 10100011
111011000110 10100011
111101000100 10100000
111101000100 10100000
111101011100 10001110
111101011110 10001110
111110111100 01000000
111110111110 01000100
111111010000 10101111
111111010010 10101111
111111010100 10000110
111111010110 10000110
111111111100 01000000
