.i 12
.o 8
100001001100 11000101
100001001110 11000101
100011001100 11000011
100011001110 11000011
100101001100 11000001
100101001110 11000001
100111001100 11001111
100111001110 11001111
101001001100 11001101
101001001110 11001101
101001111100 10001010
101001111101 10001010
101001111110 10001010
101001111111 10001010
101011001100 11001011
101011001110 11001011
101101001100 11001001
101101001110 11001001
101101111100 10001000
101101111101 10001000
101101111110 10001000
101101111111 10001000
101110110100 10001110
101110110101 10001110
101110110110 10001110
101110110111 10001110
101111001100 11001000
101111001110 11001000
101111011100 11001000
101111011110 11001000
101111011101 10111000
101111110000 00101000
101111110001 00101000
101111111100 10001000
101111111110 11000111
