.i 8
.o 5
00000000 00000
00000001 00001
00000010 00010
00000011 00011
00000100 00100
00000101 00101
00000110 00110
00000111 00111
00001000 01000
00001001 01001
00001010 01010
00001011 01011
00001100 01100
00001101 01101
00001110 01110
00001111 01111
00010000 00001
00010001 00001
00010010 00010
00010011 00011
00010100 00100
00010101 00101
00010110 00110
00010111 00111
00011000 01000
00011001 01001
00011010 01010
00011011 01011
00011100 01100
00011101 01101
00011110 01110
00011111 01111
00100000 00010
00100001 00010
00100010 00011
00100011 00100
00100100 00100
00100101 00101
00100110 00110
00100111 00111
00101000 01000
00101001 01001
00101010 01010
00101011 01011
00101100 01100
00101101 01101
00101110 01110
00101111 01111
00110000 00011
00110001 00011
00110010 00100
00110011 00100
00110100 00101
00110101 00110
00110110 00111
00110111 01000
00111000 01001
00111001 01001
00111010 01010
00111011 01011
00111100 01100
00111101 01101
00111110 01110
00111111 01111
01000000 00100
01000001 00100
01000010 00100
01000011 00101
01000100 00110
01000101 00110
01000110 00111
01000111 01000
01001000 01001
01001001 01010
01001010 01011
01001011 01100
01001100 01101
01001101 01110
01001110 01111
01001111 10000
01010000 00101
01010001 00101
01010010 00101
01010011 00110
01010100 00110
01010101 00111
01010110 01000
01010111 01001
01011000 01001
01011001 01010
01011010 01011
01011011 01100
01011100 01101
01011101 01110
01011110 01111
01011111 10000
01100000 00110
01100001 00110
01100010 00110
01100011 00111
01100100 00111
01100101 01000
01100110 01000
01100111 01001
01101000 01010
01101001 01011
01101010 01100
01101011 01101
01101100 01101
01101101 01110
01101110 01111
01101111 10000
01110000 00111
01110001 00111
01110010 00111
01110011 01000
01110100 01000
01110101 01001
01110110 01001
01110111 01010
01111000 01011
01111001 01011
01111010 01100
01111011 01101
01111100 01110
01111101 01111
01111110 10000
01111111 10001
10000000 01000
10000001 01000
10000010 01000
10000011 01001
10000100 01001
10000101 01001
10000110 01010
10000111 01011
10001000 01011
10001001 01100
10001010 01101
10001011 01110
10001100 01110
10001101 01111
10001110 10000
10001111 10001
10010000 01001
10010001 01001
10010010 01001
10010011 01001
10010100 01010
10010101 01010
10010110 01011
10010111 01011
10011000 01100
10011001 01101
10011010 01101
10011011 01110
10011100 01111
10011101 10000
10011110 10001
10011111 10001
10100000 01010
10100001 01010
10100010 01010
10100011 01010
10100100 01011
10100101 01011
10100110 01100
10100111 01100
10101000 01101
10101001 01101
10101010 01110
10101011 01111
10101100 10000
10101101 10000
10101110 10001
10101111 10010
10110000 01011
10110001 01011
10110010 01011
10110011 01011
10110100 01100
10110101 01100
10110110 01101
10110111 01101
10111000 01110
10111001 01110
10111010 01111
10111011 10000
10111100 10000
10111101 10001
10111110 10010
10111111 10011
11000000 01100
11000001 01100
11000010 01100
11000011 01100
11000100 01101
11000101 01101
11000110 01101
11000111 01110
11001000 01110
11001001 01111
11001010 10000
11001011 10000
11001100 10001
11001101 10010
11001110 10010
11001111 10011
11010000 01101
11010001 01101
11010010 01101
11010011 01101
11010100 01110
11010101 01110
11010110 01110
11010111 01111
11011000 01111
11011001 10000
11011010 10000
11011011 10001
11011100 10010
11011101 10010
11011110 10011
11011111 10100
11100000 01110
11100001 01110
11100010 01110
11100011 01110
11100100 01111
11100101 01111
11100110 01111
11100111 10000
11101000 10000
11101001 10001
11101010 10001
11101011 10010
11101100 10010
11101101 10011
11101110 10100
11101111 10101
11110000 01111
11110001 01111
11110010 01111
11110011 01111
11110100 10000
11110101 10000
11110110 10000
11110111 10001
11111000 10001
11111001 10001
11111010 10010
11111011 10011
11111100 10011
11111101 10100
11111110 10101
11111111 10101
