.i 10
.o 11
1000000000 10000000000
0010000000 10000000000
0100000000 00100000000
0000100000 00100000000
0001000000 00010000000
0000001000 00010000000
0000000100 00010000000
0000010000 00000010000
0100000000 00000000000
0000100000 00000000000
0000010000 00000000000
1000000000 00000000001
0010000000 00000000001
0000001000 00000000010
0001000000 00000000100
0000000100 00000000100
0010000001 10000000000
0000001001 10000000000
1000000001 00010000000
0100000001 00010000000
0000100001 00010000000
0001000001 00001000000
0000000101 00001000000
0000010001 00000001000
0100000001 00000000000
0000100001 00000000000
0000010001 00000000000
1000000001 00000000010
0001000001 00000000100
0000000101 00000000100
0010000001 00000000101
0000001001 00000000101
1000000010 01000000000
0010000010 01000000000
0100000010 00100000000
0000100010 00100000000
0000010010 00100000000
0000000110 00100000000
0001000010 00010000000
0000001010 00001000000
1000000010 00000000001
0010000010 00000000001
0100000010 00000000010
0001000010 00000000010
0000100010 00000000010
0000010010 00000000010
0000001010 00000000010
0000000110 00000000010
0010000011 01000000000
0000001011 01000000000
0000100011 00100000000
0000010011 00100000000
0000000111 00100000000
1000000011 00001000000
0001000011 00001000000
0100000011 00000100000
0100000011 00000000000
1000000011 00000000010
0001000011 00000000010
0000100011 00000000100
0000010011 00000000100
0000000111 00000000100
0010000011 00000000101
0000001011 00000000101
11-------- 22222222222
1-1------- 22222222222
1--1------ 22222222222
1---1----- 22222222222
1----1---- 22222222222
1-----1--- 22222222222
1------1-- 22222222222
00000000-- 22222222222
-11------- 22222222222
-1-1------ 22222222222
-1--1----- 22222222222
-1---1---- 22222222222
-1----1--- 22222222222
-1-----1-- 22222222222
--11------ 22222222222
--1-1----- 22222222222
--1--1---- 22222222222
--1---1--- 22222222222
--1----1-- 22222222222
---11----- 22222222222
---1-1---- 22222222222
---1--1--- 22222222222
---1---1-- 22222222222
----11---- 22222222222
----1-1--- 22222222222
----1--1-- 22222222222
-----11--- 22222222222
-----1-1-- 22222222222
------11-- 22222222222
