.i 9
.o 9
001000010 100000000
000010010 100000000
100000010 001000000
000100010 001000000
010000010 000010000
000001010 000010000
000000110 000010000
100000010 000000000
010000010 000000000
000100010 000000000
000001010 000000000
000000110 000000000
001000010 000000001
000010010 000000010
001000001 010000000
000010001 010000000
000100001 001000000
000000101 001000000
100000001 000100000
010000001 000001000
000001001 000000100
100000001 000000000
010000001 000000000
000001001 000000000
001000001 000000001
000100001 000000010
000010001 000000010
000000101 000000010
11------- 222222222
1-1------ 222222222
1--1----- 222222222
1---1---- 222222222
1----1--- 222222222
1-----1-- 222222222
0000000-- 222222222
-11------ 222222222
-1-1----- 222222222
-1--1---- 222222222
-1---1--- 222222222
-1----1-- 222222222
--11----- 222222222
--1-1---- 222222222
--1--1--- 222222222
--1---1-- 222222222
---11---- 222222222
---1-1--- 222222222
---1--1-- 222222222
----11--- 222222222
----1-1-- 222222222
-----11-- 222222222
-------11 222222222
-------00 222222222
