.i 8
.o 8
00000000 00000001
00000001 00000110
00000010 00001011
00000011 00010000
00000100 00010101
00000101 00011010
00000110 00011111
00000111 00100100
00001000 00101001
00001001 00101110
00001010 00110011
00001011 00111000
00001100 00111101
00001101 01000010
00001110 01000111
00001111 01001100
00010000 01010001
00010001 01010110
00010010 01011011
00010011 01100000
00010100 01100101
00010101 01101010
00010110 01101111
00010111 01110100
00011000 01111001
00011001 01111110
00011010 10000011
00011011 10001000
00011100 10001101
00011101 10010010
00011110 10010111
00011111 10011100
00100000 10100001
00100001 10100110
00100010 10101011
00100011 10110000
00100100 10110101
00100101 10111010
00100110 10111111
00100111 11000100
00101000 11001001
00101001 11001110
00101010 11010011
00101011 11011000
00101100 11011101
00101101 11100010
00101110 11100111
00101111 11101100
00110000 11110001
00110001 11110110
00110010 11111011
00110011 00000000
00110100 00000101
00110101 00001010
00110110 00001111
00110111 00010100
00111000 00011001
00111001 00011110
00111010 00100011
00111011 00101000
00111100 00101101
00111101 00110010
00111110 00110111
00111111 00111100
01000000 01000001
01000001 01000110
01000010 01001011
01000011 01010000
01000100 01010101
01000101 01011010
01000110 01011111
01000111 01100100
01001000 01101001
01001001 01101110
01001010 01110011
01001011 01111000
01001100 01111101
01001101 10000010
01001110 10000111
01001111 10001100
01010000 10010001
01010001 10010110
01010010 10011011
01010011 10100000
01010100 10100101
01010101 10101010
01010110 10101111
01010111 10110100
01011000 10111001
01011001 10111110
01011010 11000011
01011011 11001000
01011100 11001101
01011101 11010010
01011110 11010111
01011111 11011100
01100000 11100001
01100001 11100110
01100010 11101011
01100011 11110000
01100100 11110101
01100101 11111010
01100110 11111111
01100111 00000100
01101000 00001001
01101001 00001110
01101010 00010011
01101011 00011000
01101100 00011101
01101101 00100010
01101110 00100111
01101111 00101100
01110000 00110001
01110001 00110110
01110010 00111011
01110011 01000000
01110100 01000101
01110101 01001010
01110110 01001111
01110111 01010100
01111000 01011001
01111001 01011110
01111010 01100011
01111011 01101000
01111100 01101101
01111101 01110010
01111110 01110111
01111111 01111100
10000000 10000001
10000001 10000110
10000010 10001011
10000011 10010000
10000100 10010101
10000101 10011010
10000110 10011111
10000111 10100100
10001000 10101001
10001001 10101110
10001010 10110011
10001011 10111000
10001100 10111101
10001101 11000010
10001110 11000111
10001111 11001100
10010000 11010001
10010001 11010110
10010010 11011011
10010011 11100000
10010100 11100101
10010101 11101010
10010110 11101111
10010111 11110100
10011000 11111001
10011001 11111110
10011010 00000011
10011011 00001000
10011100 00001101
10011101 00010010
10011110 00010111
10011111 00011100
10100000 00100001
10100001 00100110
10100010 00101011
10100011 00110000
10100100 00110101
10100101 00111010
10100110 00111111
10100111 01000100
10101000 01001001
10101001 01001110
10101010 01010011
10101011 01011000
10101100 01011101
10101101 01100010
10101110 01100111
10101111 01101100
10110000 01110001
10110001 01110110
10110010 01111011
10110011 10000000
10110100 10000101
10110101 10001010
10110110 10001111
10110111 10010100
10111000 10011001
10111001 10011110
10111010 10100011
10111011 10101000
10111100 10101101
10111101 10110010
10111110 10110111
10111111 10111100
11000000 11000001
11000001 11000110
11000010 11001011
11000011 11010000
11000100 11010101
11000101 11011010
11000110 11011111
11000111 11100100
11001000 11101001
11001001 11101110
11001010 11110011
11001011 11111000
11001100 11111101
11001101 00000010
11001110 00000111
11001111 00001100
11010000 00010001
11010001 00010110
11010010 00011011
11010011 00100000
11010100 00100101
11010101 00101010
11010110 00101111
11010111 00110100
11011000 00111001
11011001 00111110
11011010 01000011
11011011 01001000
11011100 01001101
11011101 01010010
11011110 01010111
11011111 01011100
11100000 01100001
11100001 01100110
11100010 01101011
11100011 01110000
11100100 01110101
11100101 01111010
11100110 01111111
11100111 10000100
11101000 10001001
11101001 10001110
11101010 10010011
11101011 10011000
11101100 10011101
11101101 10100010
11101110 10100111
11101111 10101100
11110000 10110001
11110001 10110110
11110010 10111011
11110011 11000000
11110100 11000101
11110101 11001010
11110110 11001111
11110111 11010100
11111000 11011001
11111001 11011110
11111010 11100011
11111011 11101000
11111100 11101101
11111101 11110010
11111110 11110111
11111111 11111100
