.i 6
.o 12
000000 111001111111
000001 111001011001
000010 111010010010
000011 111010001110
000100 111011001100
000101 111011001010
000110 111011001001
000111 111100000111
001000 111100000110
001001 111100000110
001010 111101000101
001011 111101000100
001100 111101000100
001101 111101000011
001110 111110000011
001111 111110000011
010000 111110000010
010001 111110000010
010010 111110000010
010011 111110000010
010100 111111000010
010101 111111000001
010110 111111000001
010111 111111000001
011000 111111000001
011001 111111000001
011010 111111000001
011011 111111000001
011100 111111000001
011101 111111000001
011110 111111000001
011111 111111000001
