.i 8
.o 16
00000000 1110111111111111
00000001 1111000001001111
00000010 1111000000111110
00000011 1111000000110101
00000100 1111000100101110
00000101 1111000100101001
00000110 1111001000100101
00000111 1111001000100010
00001000 1111001100011111
00001001 1111001100011101
00001010 1111010000011011
00001011 1111010000011001
00001100 1111010000010111
00001101 1111010100010110
00001110 1111010100010100
00001111 1111010100010011
00010000 1111011000010010
00010001 1111011000010001
00010010 1111011000010000
00010011 1111011100001111
00010100 1111011100001110
00010101 1111011100001110
00010110 1111100000001101
00010111 1111100000001100
00011000 1111100000001100
00011001 1111100000001011
00011010 1111100100001010
00011011 1111100100001010
00011100 1111100100001001
00011101 1111100100001001
00011110 1111101000001001
00011111 1111101000001000
00100000 1111101000001000
00100001 1111101000000111
00100010 1111101100000111
00100011 1111101100000111
00100100 1111101100000110
00100101 1111101100000110
00100110 1111101100000110
00100111 1111101100000110
00101000 1111110000000101
00101001 1111110000000101
00101010 1111110000000101
00101011 1111110000000101
00101100 1111110000000100
00101101 1111110000000100
00101110 1111110100000100
00101111 1111110100000100
00110000 1111110100000100
00110001 1111110100000100
00110010 1111110100000011
00110011 1111110100000011
00110100 1111110100000011
00110101 1111110100000011
00110110 1111110100000011
00110111 1111111000000011
00111000 1111111000000011
00111001 1111111000000011
00111010 1111111000000010
00111011 1111111000000010
00111100 1111111000000010
00111101 1111111000000010
00111110 1111111000000010
00111111 1111111000000010
01000000 1111111000000010
01000001 1111111000000010
01000010 1111111000000010
01000011 1111111000000010
01000100 1111111100000010
01000101 1111111100000010
01000110 1111111100000010
01000111 1111111100000001
01001000 1111111100000001
01001001 1111111100000001
01001010 1111111100000001
01001011 1111111100000001
01001100 1111111100000001
01001101 1111111100000001
01001110 1111111100000001
01001111 1111111100000001
01010000 1111111100000001
01010001 1111111100000001
01010010 1111111100000001
01010011 1111111100000001
01010100 1111111100000001
01010101 1111111100000001
01010110 1111111100000001
01010111 1111111100000001
01011000 1111111100000001
01011001 1111111100000001
01011010 1111111100000001
01011011 1111111100000001
01011100 1111111100000001
01011101 1111111100000001
01011110 1111111100000001
01011111 1111111100000001
