.i 8
.o 16
00000000 1110101111111111
00000001 1110101101101011
00000010 1110110001010110
00000011 1110110001001010
00000100 1110110001000001
00000101 1110110100111011
00000110 1110110100110110
00000111 1110111000110001
00001000 1110111000101110
00001001 1110111100101011
00001010 1110111100101000
00001011 1111000000100101
00001100 1111000000100011
00001101 1111000000100001
00001110 1111000100011111
00001111 1111000100011110
00010000 1111001000011000
00010001 1111001000011011
00010010 1111001000011001
00010011 1111001100011000
00010100 1111001100010111
00010101 1111001100010110
00010110 1111010000010101
00010111 1111010000010100
00011000 1111010000010011
00011001 1111010100010010
00011010 1111010100010001
00011011 1111010100010001
00011100 1111010100010000
00011101 1111011000001111
00011110 1111011000001111
00011111 1111011000001110
00100000 1111011100001110
00100001 1111011100001101
00100010 1111011100001101
00100011 1111011100001100
00100100 1111011100001100
00100101 1111100000001011
00100110 1111100000001011
00100111 1111100000001010
00101000 1111100000001010
00101001 1111100100001010
00101010 1111100100001001
00101011 1111100100001001
00101100 1111100100001001
00101101 1111101000001000
00101110 1111101000001000
00101111 1111101000001000
00110000 1111101000000111
00110001 1111101000000111
00110010 1111101000000111
00110011 1111101100000111
00110100 1111101100000110
00110101 1111101100000110
00110110 1111101100000110
00110111 1111101100000110
00111000 1111101100000110
00111001 1111101100000101
00111010 1111110000000101
00111011 1111110000000101
00111100 1111110000000101
00111101 1111110000000101
00111110 1111110000000100
00111111 1111110000000100
01000000 1111110000000100
01000001 1111110000000100
01000010 1111110100000100
01000011 1111110100000100
01000100 1111110100000100
01000101 1111110100000100
01000110 1111110100000011
01000111 1111110100000011
01001000 1111110100000011
01001001 1111110100000011
01001010 1111110100000011
01001011 1111110100000011
01001100 1111110100000011
01001101 1111111000000011
01001110 1111111000000011
01001111 1111111000000011
01010000 1111111000000010
01010001 1111111000000010
01010010 1111111000000010
01010011 1111111000000010
01010100 1111111000000010
01010101 1111111000000010
01010110 1111111000000010
01010111 1111111000000010
01011000 1111111000000010
01011001 1111111000000010
01011010 1111111000000010
01011011 1111111000000010
01011100 1111111000000010
01011101 1111111100000010
01011110 1111111100000010
01011111 1111111100000001
01100000 1111111100000001
01100001 1111111100000001
01100010 1111111100000001
01100011 1111111100000001
01100100 1111111100000001
01100101 1111111100000001
01100110 1111111100000001
01100111 1111111100000001
01101000 1111111100000001
01101001 1111111100000001
01101010 1111111100000001
01101011 1111111100000001
01101100 1111111100000001
01101101 1111111100000001
01101110 1111111100000001
01101111 1111111100000001
01110000 1111111100000001
01110001 1111111100000001
01110010 1111111100000001
01110011 1111111100000001
01110100 1111111100000001
01110101 1111111100000001
01110110 1111111100000001
01110111 1111111100000001
01111000 1111111100000001
01111001 1111111100000001
01111010 1111111100000001
01111011 1111111100000001
01111100 1111111100000001
01111101 1111111100000001
01111110 1111111100000001
01111111 1111111100000001
