.i 8
.o 16
00000000 1101111011111111
00000001 1101111011000010
00000010 1101111110100000
00000011 1101111110001100
00000100 1110000001111111
00000101 1110000001110100
00000110 1110000101101011
00000111 1110000101100100
00001000 1110001001011110
00001001 1110001001011001
00001010 1110001001010100
00001011 1110001101010000
00001100 1110001101001100
00001101 1110010001001001
00001110 1110010001000101
00001111 1110010101000010
00010000 1110010101000000
00010001 1110010100111101
00010010 1110011000111011
00010011 1110011000111001
00010100 1110011100110111
00010101 1110011100110101
00010110 1110011100110011
00010111 1110100000110001
00011000 1110100000101111
00011001 1110100100101110
00011010 1110100100101100
00011011 1110100100101011
00011100 1110101000101010
00011101 1110101000101000
00011110 1110101000100111
00011111 1110101100100110
00100000 1110101100100101
00100001 1110101100100100
00100010 1110110000100011
00100011 1110110000100010
00100100 1110110000100001
00100101 1110110100100000
00100110 1110110100011111
00100111 1110110100011110
00101000 1110111000011101
00101001 1110111000011100
00101010 1110111000011100
00101011 1110111100011011
00101100 1110111100011010
00101101 1110111100011010
00101110 1111000000011001
00101111 1111000000011000
00110000 1111000000011000
00110001 1111000000010111
00110010 1111000100010110
00110011 1111000100010110
00110100 1111000100010101
00110101 1111000100010101
00110110 1111001000010100
00110111 1111001000010100
00111000 1111001000010011
00111001 1111001000010011
00111010 1111001100010010
00111011 1111001100010010
00111100 1111001100010001
00111101 1111001100010001
00111110 1111010000010001
00111111 1111010000010000
01000000 1111010000010000
01000001 1111010000010000
01000010 1111010000001111
01000011 1111010100001111
01000100 1111010100001110
01000101 1111010100001110
01000110 1111010100001110
01000111 1111010100001101
01001000 1111011000001101
01001001 1111011000001101
01001010 1111011000001101
01001011 1111011000001100
01001100 1111011000001100
01001101 1111011100001100
01001110 1111011100001011
01001111 1111011100001011
01010000 1111011100001011
01010001 1111011100001011
01010010 1111011100001010
01010011 1111100000001010
01010100 1111100000001010
01010101 1111100000001010
01010110 1111100000001010
01010111 1111100000001001
01011000 1111100000001001
01011001 1111100000001001
01011010 1111100100001001
01011011 1111100100001001
01011100 1111100100001000
01011101 1111100100001000
01011110 1111100100001000
01011111 1111100100001000
01100000 1111100100001000
01100001 1111100100001000
01100010 1111101000000111
01100011 1111101000000111
01100100 1111101000000111
01100101 1111101000000111
01100110 1111101000000111
01100111 1111101000000111
01101000 1111101000000110
01101001 1111101000000110
01101010 1111101100000110
01101011 1111101100000110
01101100 1111101100000110
01101101 1111101100000110
01101110 1111101100000110
01101111 1111101100000110
01110000 1111101100000101
01110001 1111101100000101
01110010 1111101100000101
01110011 1111101100000101
01110100 1111101100000101
01110101 1111110000000101
01110110 1111110000000101
01110111 1111110000000101
01111000 1111110000000101
01111001 1111110000000100
01111010 1111110000000100
01111011 1111110000000100
01111100 1111110000000100
01111101 1111110000000100
01111110 1111110000000100
01111111 1111110000000100
10000000 1111110000000100
10000001 1111110000000100
10000010 1111110100000100
10000011 1111110100000100
10000100 1111110100000100
10000101 1111110100000011
10000110 1111110100000011
10000111 1111110100000011
10001000 1111110100000011
10001001 1111110100000011
10001010 1111110100000011
10001011 1111110100000011
10001100 1111110100000011
10001101 1111110100000011
10001110 1111110100000011
10001111 1111110100000011
10010000 1111110100000011
10010001 1111110100000011
10010010 1111110100000011
10010011 1111111000000011
10010100 1111111000000011
10010101 1111111000000011
10010110 1111111000000010
10010111 1111111000000010
10011000 1111111000000010
10011001 1111111000000010
10011010 1111111000000010
10011011 1111111000000010
10011100 1111111000000010
10011101 1111111000000010
10011110 1111111000000010
10011111 1111111000000010
10100000 1111111000000010
10100001 1111111000000010
10100010 1111111000000010
10100011 1111111000000010
10100100 1111111000000010
10100101 1111111000000010
10100110 1111111000000010
10100111 1111111000000010
10101000 1111111000000010
10101001 1111111000000010
10101010 1111111000000010
10101011 1111111000000010
10101100 1111111000000010
10101101 1111111100000010
10101110 1111111100000001
10101111 1111111100000001
10110000 1111111100000001
10110001 1111111100000001
10110010 1111111100000001
10110011 1111111100000001
10110100 1111111100000001
10110101 1111111100000001
10110110 1111111100000001
10110111 1111111100000001
10111000 1111111100000001
10111001 1111111100000001
10111010 1111111100000001
10111011 1111111100000001
10111100 1111111100000001
10111101 1111111100000001
10111110 1111111100000001
10111111 1111111100000001
11000000 1111111100000001
11000001 1111111100000001
11000010 1111111100000001
11000011 1111111100000001
11000100 1111111100000001
11000101 1111111100000001
11000110 1111111100000001
11000111 1111111100000001
11001000 1111111100000001
11001001 1111111100000001
11001010 1111111100000001
11001011 1111111100000001
11001100 1111111100000001
11001101 1111111100000001
11001110 1111111100000001
11001111 1111111100000001
11010000 1111111100000001
11010001 1111111100000001
11010010 1111111100000001
11010011 1111111100000001
11010100 1111111100000001
11010101 1111111100000001
11010110 1111111100000001
11010111 1111111100000001
11011000 1111111100000001
11011001 1111111100000001
11011010 1111111100000001
11011011 1111111100000001
11011100 1111111100000001
11011101 1111111100000001
11011110 1111111100000001
11011111 1111111100000001
11100000 1111111100000001
11100001 1111111100000001
11100010 1111111100000001
11100011 1111111100000001
11100100 1111111100000001
11100101 1111111100000001
11100110 1111111100000001
11100111 1111111100000001
11101000 1111111100000001
11101001 1111111100000001
11101010 1111111100000001
11101011 1111111100000001
11101100 1111111100000001
11101101 1111111100000001
11101110 1111111100000001
11101111 1111111100000001
11110000 1111111100000001
11110001 1111111100000001
11110010 1111111100000001
11110011 1111111100000001
11110100 1111111100000001
11110101 1111111100000001
11110110 1111111100000001
11110111 1111111100000001
01111000 1111111100000001
01111001 1111111100000001
01111010 1111111100000001
01111011 1111111100000001
01111100 1111111100000001
01111101 1111111100000001
01111110 1111111100000001
01111111 1111111100000001
