.i 7
.o 24
0000000 000001100000100000111111
0000001 000001100000100000111111
0000010 000001011111100000111111
0000011 000001011111100000111111
0000100 000001011111100001111111
0000101 000001011111100001111111
0000110 000010011111100001111111
0000111 000010011110100001111111
0001000 000010011110100001111111
0001001 000010011110100010111111
0001010 000010011110100010111111
0001011 000010011110100010111111
0001100 000010011110100010111111
0001101 000010011101100010111111
0001110 000010011101100010111111
0001111 000010011101100011111111
0010000 000010011101100011111111
0010001 000010011101100011111111
0010010 000010011101100011111111
0010011 000010011100100011111111
0010100 000010011100100100111111
0010101 000010011100100100111111
0010110 000010011100100100111111
0010111 000010011100100100111111
0011000 000010011011100100111111
0011001 000010011011100100111111
0011010 000011011011100101111111
0011011 000011011011100101111111
0011100 000011011011100101111111
0011101 000011011011100101111110
0011110 000011011010100101111110
0011111 000011011010100110111110
0100000 000011011010100110111110
0100001 000011011010100110111110
0100010 000011011010100110111110
0100011 000011011010100110111110
0100100 000011011001100110111110
0100101 000011011001100111111110
0100110 000011011001100111111110
0100111 000011011001100111111110
0101000 000011011001100111111110
0101001 000011011000100111111110
0101010 000011011000101000111110
0101011 000100011000101000111110
0101100 000100011000101000111110
0101101 000100011000101000111110
0101110 000100011000101000111110
0101111 000100010111101000111110
0110000 000100010111101001111110
0110001 000100010111101001111110
0110010 000100010111101001111101
0110011 000100010111101001111101
0110100 000100010111101001111101
0110101 000100010110101010111101
0110110 000100010110101010111101
0110111 000100010110101010111101
0111000 000100010110101010111101
0111001 000101010110101010111101
0111010 000101010110101010111101
0111011 000101010101101011111101
0111100 000101010101101011111101
0111101 000101010101101011111101
0111110 000101010101101011111101
0111111 000101010101101011111101
1000000 000101010101101011111100
1000001 000101010101101100111100
1000010 000101010100101100111100
1000011 000101010100101100111100
1000100 000101010100101100111100
1000101 000101010100101100111100
1000110 000110010100101101111100
1000111 000110010100101101111100
1001000 000110010011101101111100
1001001 000110010011101101111100
1001010 000110010011101101111100
1001011 000110010011101101111100
1001100 000110010011101110111011
1001101 000110010011101110111011
1001110 000110010010101110111011
1001111 000110010010101110111011
1010000 000110010010101110111011
1010001 000111010010101110111011
1010010 000111010010101111111011
1010011 000111010010101111111011
1010100 000111010010101111111011
1010101 000111010001101111111011
1010110 000111010001101111111011
1010111 000111010001101111111010
1011000 000111010001110000111010
1011001 000111010001110000111010
1011010 000111010001110000111010
1011011 000111010001110000111010
1011100 001000010000110000111010
1011101 001000010000110000111010
1011110 001000010000110001111010
1011111 001000010000110001111010
1100000 001000010000110001111001
1100001 001000010000110001111001
1100010 001000001111110001111001
1100011 001000001111110001111001
1100100 001000001111110001111001
1100101 001001001111110010111001
1100110 001001001111110010111001
1100111 001001001111110010111001
1101000 001001001111110010111001
1101001 001001001111110010111000
1101010 001001001110110010111000
1101011 001001001110110011111000
1101100 001001001110110011111000
1101101 001001001110110011111000
1101110 001001001110110011111000
1101111 001010001110110011111000
1110000 001010001110110011111000
1110001 001010001101110011110111
1110010 001010001101110100110111
1110011 001010001101110100110111
1110100 001010001101110100110111
1110101 001010001101110100110111
1110110 001010001101110100110111
1110111 001011001101110100110111
1111000 001011001101110100110111
1111001 001011001100110101110110
1111010 001011001100110101110110
1111011 001011001100110101110110
1111100 001011001100110101110110
1111101 001011001100110101110110
1111110 001011001100110101110110
1111111 001011001100110101110110
