.i 9
.o 1
.p 46
-10000000 1
101111001 1
011111001 1
010111000 1
000111001 1
100110000 1
011101000 1
101011000 1
110110100 1
0-1011100 1
101-10010 1
01-111110 1
0-1010001 1
110101001 1
1001-0101 1
011101101 1
011110011 1
100111011 1
110-00000 1
010110010 1
-01100101 1
101101011 1
001110111 1
11-000000 1
010100100 1
1000-0100 1
101001100 1
011100010 1
100101010 1
-00011010 1
101011110 1
101000001 1
100001001 1
111100011 1
0-0101011 1
001101111 1
01001-110 1
011000101 1
011001011 1
011010111 1
1000-1111 1
111001110 1
1100-0111 1
-01000110 1
-1000-111 1
00-000110 1
.e
