.i 9
.o 6
000000000 000001
000000001 000001
000000010 000001
000000011 000001
000000100 000001
000000101 000001
000000110 000010
000000111 000010
000001000 000010
000001001 000010
000001010 000010
000001011 000010
000001100 000010
000001101 000010
000001110 000010
000001111 000010
000010000 000010
000010001 000010
000010010 000010
000010011 000010
000010100 000010
000010101 000010
000010110 000010
000010111 000010
000011000 000010
000011001 000010
000011010 000011
000011011 000011
000011100 000011
000011101 000011
000011110 000011
000011111 000011
000100000 000011
000100001 000011
000100010 000011
000100011 000011
000100100 000011
000100101 000011
000100110 000011
000100111 000011
000101000 000011
000101001 000011
000101010 000011
000101011 000100
000101100 000100
000101101 000100
000101110 000100
000101111 000100
000110000 000100
000110001 000100
000110010 000100
000110011 000100
000110100 000100
000110101 000100
000110110 000100
000110111 000100
000111000 000100
000111001 000101
000111010 000101
000111011 000101
000111100 000101
000111101 000101
000111110 000101
000111111 000101
001000000 000101
001000001 000101
001000010 000101
001000011 000101
001000100 000101
001000101 000101
001000110 000110
001000111 000110
001001000 000110
001001001 000110
001001010 000110
001001011 000110
001001100 000110
001001101 000110
001001110 000110
001001111 000110
001010000 000110
001010001 000111
001010010 000111
001010011 000111
001010100 000111
001010101 000111
001010110 000111
001010111 000111
001011000 000111
001011001 000111
001011010 000111
001011011 000111
001011100 001000
001011101 001000
001011110 001000
001011111 001000
001100000 001000
001100001 001000
001100010 001000
001100011 001000
001100100 001000
001100101 001001
001100110 001001
001100111 001001
001101000 001001
001101001 001001
001101010 001001
001101011 001001
001101100 001001
001101101 001001
001101110 001001
001101111 001010
001110000 001010
001110001 001010
001110010 001010
001110011 001010
001110100 001010
001110101 001010
001110110 001010
001110111 001011
001111000 001011
001111001 001011
001111010 001011
001111011 001011
001111100 001011
001111101 001011
001111110 001011
001111111 001011
010000000 001100
010000001 001100
010000010 001100
010000011 001100
010000100 001100
010000101 001100
010000110 001100
010000111 001101
010001000 001101
010001001 001101
010001010 001101
010001011 001101
010001100 001101
010001101 001101
010001110 001101
010001111 001110
010010000 001110
010010001 001110
010010010 001110
010010011 001110
010010100 001110
010010101 001110
010010110 001111
010010111 001111
010011000 001111
010011001 001111
010011010 001111
010011011 001111
010011100 001111
010011101 001111
010011110 010000
010011111 010000
010100000 010000
010100001 010000
010100010 010000
010100011 010000
010100100 010001
010100101 010001
010100110 010001
010100111 010001
010101000 010001
010101001 010001
010101010 010001
010101011 010010
010101100 010010
010101101 010010
010101110 010010
010101111 010010
010110000 010010
010110001 010010
010110010 010011
010110011 010011
010110100 010011
010110101 010011
010110110 010011
010110111 010011
010111000 010100
010111001 010100
010111010 010100
010111011 010100
010111100 010100
010111101 010100
010111110 010101
010111111 010101
011000000 010101
011000001 010101
011000010 010101
011000011 010101
011000100 010101
011000101 010110
011000110 010110
011000111 010110
011001000 010110
011001001 010110
011001010 010110
011001011 010111
011001100 010111
011001101 010111
011001110 010111
011001111 010111
011010000 010111
011010001 011000
011010010 011000
011010011 011000
011010100 011000
011010101 011000
011010110 011000
011010111 011001
011011000 011001
011011001 011001
011011010 011001
011011011 011001
011011100 011010
011011101 011010
011011110 011010
011011111 011010
011100000 011010
011100001 011010
011100010 011011
011100011 011011
011100100 011011
011100101 011011
011100110 011011
011100111 011011
011101000 011100
011101001 011100
011101010 011100
011101011 011100
011101100 011100
011101101 011101
011101110 011101
011101111 011101
011110000 011101
011110001 011101
011110010 011101
011110011 011110
011110100 011110
011110101 011110
011110110 011110
011110111 011110
011111000 011110
011111001 011111
011111010 011111
011111011 011111
011111100 011111
011111101 011111
011111110 100000
011111111 100000
100000000 100000
100000001 100000
100000010 100000
100000011 100000
100000100 100001
100000101 100001
100000110 100001
100000111 100001
100001000 100001
100001001 100010
100001010 100010
100001011 100010
100001100 100010
100001101 100010
100001110 100010
100001111 100011
100010000 100011
100010001 100011
100010010 100011
100010011 100011
100010100 100100
100010101 100100
100010110 100100
100010111 100100
100011000 100100
100011001 100100
100011010 100101
100011011 100101
100011100 100101
100011101 100101
100011110 100101
100011111 100110
100100000 100110
100100001 100110
100100010 100110
100100011 100110
100100100 100110
100100101 100111
100100110 100111
100100111 100111
100101000 100111
100101001 100111
100101010 101000
100101011 101000
100101100 101000
100101101 101000
100101110 101000
100101111 101000
100110000 101001
100110001 101001
100110010 101001
100110011 101001
100110100 101001
100110101 101010
100110110 101010
100110111 101010
100111000 101010
100111001 101010
100111010 101010
100111011 101011
100111100 101011
100111101 101011
100111110 101011
100111111 101011
101000000 101011
101000001 101100
101000010 101100
101000011 101100
101000100 101100
101000101 101100
101000110 101101
101000111 101101
101001000 101101
101001001 101101
101001010 101101
101001011 101101
101001100 101110
101001101 101110
101001110 101110
101001111 101110
101010000 101110
101010001 101110
101010010 101111
101010011 101111
101010100 101111
101010101 101111
101010110 101111
101010111 101111
101011000 110000
101011001 110000
101011010 110000
101011011 110000
101011100 110000
101011101 110000
101011110 110001
101011111 110001
101100000 110001
101100001 110001
101100010 110001
101100011 110001
101100100 110001
101100101 110010
101100110 110010
101100111 110010
101101000 110010
101101001 110010
101101010 110010
101101011 110011
101101100 110011
101101101 110011
101101110 110011
101101111 110011
101110000 110011
101110001 110011
101110010 110100
101110011 110100
101110100 110100
101110101 110100
101110110 110100
101110111 110100
101111000 110100
101111001 110101
101111010 110101
101111011 110101
101111100 110101
101111101 110101
101111110 110101
101111111 110101
110000000 110110
110000001 110110
110000010 110110
110000011 110110
110000100 110110
110000101 110110
110000110 110110
110000111 110111
110001000 110111
110001001 110111
110001010 110111
110001011 110111
110001100 110111
110001101 110111
110001110 110111
110001111 111000
110010000 111000
110010001 111000
110010010 111000
110010011 111000
110010100 111000
110010101 111000
110010110 111000
110010111 111001
110011000 111001
110011001 111001
110011010 111001
110011011 111001
110011100 111001
110011101 111001
110011110 111001
110011111 111001
110100000 111010
110100001 111010
110100010 111010
110100011 111010
110100100 111010
110100101 111010
110100110 111010
110100111 111010
110101000 111010
110101001 111011
110101010 111011
110101011 111011
110101100 111011
110101101 111011
110101110 111011
110101111 111011
110110000 111011
110110001 111011
110110010 111011
110110011 111011
110110100 111100
110110101 111100
110110110 111100
110110111 111100
110111000 111100
110111001 111100
110111010 111100
110111011 111100
110111100 111100
110111101 111100
110111110 111100
110111111 111100
111000000 111101
111000001 111101
111000010 111101
111000011 111101
111000100 111101
111000101 111101
111000110 111101
111000111 111101
111001000 111101
111001001 111101
111001010 111101
111001011 111101
111001100 111101
111001101 111101
111001110 111110
111001111 111110
111010000 111110
111010001 111110
111010010 111110
111010011 111110
111010100 111110
111010101 111110
111010110 111110
111010111 111110
111011000 111110
111011001 111110
111011010 111110
111011011 111110
111011100 111110
111011101 111110
111011110 111110
111011111 111110
111100000 111110
111100001 111110
111100010 111110
111100011 111111
111100100 111111
111100101 111111
111100110 111111
111100111 111111
111101000 111111
111101001 111111
111101010 111111
111101011 111111
111101100 111111
111101101 111111
111101110 111111
111101111 111111
111110000 111111
111110001 111111
111110010 111111
111110011 111111
111110100 111111
111110101 111111
111110110 111111
111110111 111111
111111000 111111
111111001 111111
111111010 111111
111111011 111111
111111100 111111
111111101 111111
111111110 111111
111111111 111111
