.i 5
.o 14
00000|10000011000111
00001|00000011001110
00010|00000000011001
00011|00001101100000
00100|00000001000000
00101|00000011100010
00110|00000000000001
00111|00001111100000
01000|00000011100111
01001|00000011110010
01010|00101101000000
01011|01001000100000
01100|00000001100011
01101|00000010000010
01110|00000010100010
01111|00000000000001
10000|00001110100000
10001|00000010100111
10010|00000000010010
10011|00001110000000
10100|00000001000000
10101|00000011000010
10110|00000000000001
10111|00011111000000
