.i 9
.o 21
000000001 000000011111001010010
000000010 100101100001011100101
000000011 011010111101101101101
000000100 011011000100001000101
000000101 000000000111011110000
000000110 100101001010110011011
000000111 011010111100101010101
000001000 011010101010111111001
000001001 111111110000011010100
000001010 100100110101110101111
000001011 011010111010100100101
000001100 011010010001011100011
000001101 111111011010000000100
000001110 100100100010100100101
000001111 011010110111011011111
000010000 011001110111100001100
000010001 111111000100010001000
000010010 100100010001000000100
000010011 011010110011010000100
000010100 011001011101001111111
000010101 111110101111001101000
000010110 100100000001001010001
000010111 011010101110000010111
000011000 011001000010101000100
000011001 111110011010110101010
000011010 100011110011000010000
000011011 011010100111110011010
000011100 011000100111101100111
000011101 111110000111001010101
000011110 100011100110101000011
000011111 011010100000100010010
000100000 011000001100011110000
000100001 111101110100001101111
000100010 100011011011111101110
000100011 011010011000010000001
000100100 010111110000111101010
000100101 111101100001111111100
000100110 100011010011000001110
000100111 011010001110111101110
000101000 010111010101001011111
000101001 111101010000100000010
000101010 100011001011110100101
000101011 011010000100101011101
000101100 010110111001001011000
000101101 111100111111110000101
000101110 100011000110010110010
000101111 011001111001011010011
000110000 010110011100111100000
000110001 111100101111110001000
000110010 100011000010100110000
000110011 011001101101001011000
000110100 010110000000100000000
000110101 111100100000100001111
000110110 100011000000100011110
000110111 011001011111111110001
000111000 010101100011111000101
000111001 111100010010000011101
000111010 100011000000001110101
000111011 011001010001110101000
000111100 010101000111000110101
000111101 111100000100010110011
000111110 100011000001100110001
000111111 011001000010110000010
001000000 010100101010001011101
001000001 111011110111011010100
001000010 100011000100101001011
001000011 011000110010110001001
001000100 010100001101001000111
001000101 111011101011010000001
001000110 100011001001010111011
001000111 011000100001111000110
001001000 010011101111111111100
001001001 111011011111110111010
001001010 100011001111101111000
001001011 011000010000001000010
001001100 010011010010110000110
001001101 111011010101001111111
001001110 100011010111101111000
001001111 010111111101100000111
001010000 010010110101011101111
001010001 111011001011011010000
001010010 100011100001010110001
001010011 010111101010000011111
001010100 010010011000001000010
001010101 111011000010010101101
001010110 100011101100100011000
001010111 010111010101110010101
001011000 010001111010110001001
001011001 111010111010000010100
001011010 100011111001010011111
001011011 010111000000101110101
001011100 010001011101011001101
001011101 111010110010100000011
001011110 100100000111100111001
001011111 010110101010111001010
001100000 010001000000000010111
001100001 111010101011101111000
001100010 100100010111011011001
001100011 010110010100010011111
001100100 010000100010101110010
001100101 111010100101101110000
001100110 100100101000101101110
001100111 010101111101000000010
001101000 010000000101011101000
001101001 111010100000011101000
001101010 100100111011011101000
001101011 010101100101000000000
001101100 001111101000010000010
001101101 111010011011111011101
001101110 100101001111100111000
001101111 010101001100010100101
001110000 001111001011001001000
001110001 111010011000001001010
001110010 100101100101001001100
001110011 010100110010111111110
001110100 001110101110001000101
001110101 111010010101000101010
001110110 100101111100000001111
001110111 010100011001000011011
001111000 001110010001010000001
001111001 111010010010101111001
001111010 100110010100001110001
001111011 010011111110100001000
001111100 001101110100100000110
001111101 111010010001000110001
001111110 100110101101101011100
001111111 010011100011011010101
010000000 001101010111111011101
010000001 111010010000001001101
010000010 100111001000010111101
010000011 010011000111110010000
010000100 001100111011100001110
010000101 111010001111111000110
010000110 100111100100001111110
010000111 010010101011101001000
010001000 001100011111010100001
010001001 111010010000010010101
010001010 101000000001010001001
010001011 010010001111000001100
010001100 001100000011010100000
010001101 111010010001010110101
010001110 101000011111011001010
010001111 010001110001111101011
010010000 001011100111100010001
010010001 111010010011000011100
010010010 101000111110100100111
010010011 010001010100011110101
010010100 001011001011111111111
010010101 111010010101011000100
010010110 101001011110110001001
010010111 010000110110100111011
010011000 001010110000101110000
010011001 111010011000010100101
010011010 101001111111111011010
010011011 010000011000011001011
010011100 001010010101101101011
010011101 111010011011110110110
010011110 101010100010000000001
010011111 001111111001110110101
010100000 001001111010111111010
010100001 111010011111111101111
010100010 101011000100111100100
010100011 001111011011000001011
010100100 001001100000100100010
010100101 111010100100101000111
010100110 101011101000101101100
010100111 001110111011111011011
010101000 001001000110011101011
010101001 111010101001110110100
010101010 101100001101001111101
010101011 001110011100100110111
010101100 001000101100101011011
010101101 111010101111100101101
010101110 101100110010011111111
010101111 001101111101000101110
010110000 001000010011001111010
010110001 111010110101110101001
010110010 101101011000011011000
010110011 001101011101011010001
010110100 000111111010001001110
010110101 111010111100100011101
010110110 101101111110111101100
010110111 001100111101100110001
010111000 000111100001011011101
010111001 111011000011110000000
010111010 101110100110000100011
010111011 001100011101101011101
010111100 000111001001000101101
010111101 111011001011011000111
010111110 101111001101101100001
010111111 001011111101101100110
011000000 000110110001001000011
011000001 111011010011011100111
011000010 101111110101110001011
011000011 001011011101101011100
011000100 000110011001100100111
011000101 111011011011111010111
011000110 110000011110010000111
011000111 001010111101101010000
011001000 000110000010011011011
011001001 111011100100110001010
011001010 110001000111000111001
011001011 001010011101101010001
011001100 000101101011101100110
011001101 111011101101111110111
011001110 110001110000010001000
011001111 001001111101101101111
011010000 000101010101011001100
011010001 111011110111100010001
011010010 110010011001101010110
011010011 001001011101110111011
011010100 000100111111100010010
011010101 111100000001011001111
011010110 110011000011010001100
011010111 001000111110001000011
011011000 000100101010000111101
011011001 111100001011100100101
011011010 110011101101000001101
011011011 001000011110100011000
011011100 000100010101001010000
011011101 111100010110000000111
011011110 110100010110110111110
011011111 000111111111001001001
011100000 000100000000101001111
011100001 111100100000101101010
011100010 110101000000110000101
011100011 000111011111111100101
011100100 000011101100100111100
011100101 111100101011101000010
011100110 110101101010101001000
011100111 000111000000111111010
011101000 000011011001000011110
011101001 111100110110110000110
011101010 110110010100011101110
011101011 000110100010010011000
011101100 000011000101111110100
011101101 111101000010000101000
011101110 110110111110001011100
011101111 000110000011111001100
011110000 000010110011011000100
011110001 111101001101100011110
011110010 110111100111101111000
011110011 000101100101110100110
011110100 000010100001010001101
011110101 111101011001001011100
011110110 111000010001000101011
011110111 000101001000000110001
011111000 000010001111101010101
011111001 111101100100111011000
011111010 111000111010001011011
011111011 000100101010101111101
011111100 000001111110100011011
011111101 111101110000110000101
011111110 111001100010111101111
011111111 000100001101110010110
100000000 000001101101111100011
100000001 111101111100101011010
100000010 111010001011011010001
100000011 000011110001010001001
100000100 000001011101110101101
100000101 111110001000101001010
100000110 111010110011011100111
100000111 000011010101001100011
100001000 000001001110001111010
100001001 111110010100101001011
100001010 111011011011000011100
100001011 000010111001100101111
100001100 000000111111001001100
100001101 111110100000101010010
100001110 111100000010001011000
100001111 000010011110011111010
100010000 000000110000100100011
100010001 111110101100101010101
100010010 111100101000110000111
100010011 000010000011111001110
100010100 000000100010100000000
100010101 111110111000101001010
100010110 111101001110110010100
100010111 000001101001110110110
100011000 000000010100111100011
100011001 111111000100100100101
100011010 111101110100001100111
100011011 000001010000010111110
100011100 000000000111111001011
100011101 111111010000011011101
100011110 111110011000111101111
100011111 000000110111011101110
