.i 8
.o 5
00000000 00000
00000001 00001
00000010 00001
00000011 00010
00000100 00010
00000101 00010
00000110 00010
00000111 00011
00001000 00011
00001001 00011
00001010 00011
00001011 00011
00001100 00011
00001101 00100
00001110 00100
00001111 00100
00010000 00100
00010001 00100
00010010 00100
00010011 00100
00010100 00100
00010101 00101
00010110 00101
00010111 00101
00011000 00101
00011001 00101
00011010 00101
00011011 00101
00011100 00101
00011101 00101
00011110 00101
00011111 00110
00100000 00110
00100001 00110
00100010 00110
00100011 00110
00100100 00110
00100101 00110
00100110 00110
00100111 00110
00101000 00110
00101001 00110
00101010 00110
00101011 00111
00101100 00111
00101101 00111
00101110 00111
00101111 00111
00110000 00111
00110001 00111
00110010 00111
00110011 00111
00110100 00111
00110101 00111
00110110 00111
00110111 00111
00111000 00111
00111001 01000
00111010 01000
00111011 01000
00111100 01000
00111101 01000
00111110 01000
00111111 01000
01000000 01000
01000001 01000
01000010 01000
01000011 01000
01000100 01000
01000101 01000
01000110 01000
01000111 01000
01001000 01000
01001001 01001
01001010 01001
01001011 01001
01001100 01001
01001101 01001
01001110 01001
01001111 01001
01010000 01001
01010001 01001
01010010 01001
01010011 01001
01010100 01001
01010101 01001
01010110 01001
01010111 01001
01011000 01001
01011001 01001
01011010 01001
01011011 01010
01011100 01010
01011101 01010
01011110 01010
01011111 01010
01100000 01010
01100001 01010
01100010 01010
01100011 01010
01100100 01010
01100101 01010
01100110 01010
01100111 01010
01101000 01010
01101001 01010
01101010 01010
01101011 01010
01101100 01010
01101101 01010
01101110 01010
01101111 01011
01110000 01011
01110001 01011
01110010 01011
01110011 01011
01110100 01011
01110101 01011
01110110 01011
01110111 01011
01111000 01011
01111001 01011
01111010 01011
01111011 01011
01111100 01011
01111101 01011
01111110 01011
01111111 01011
10000000 01011
10000001 01011
10000010 01011
10000011 01011
10000100 01011
10000101 01100
10000110 01100
10000111 01100
10001000 01100
10001001 01100
10001010 01100
10001011 01100
10001100 01100
10001101 01100
10001110 01100
10001111 01100
10010000 01100
10010001 01100
10010010 01100
10010011 01100
10010100 01100
10010101 01100
10010110 01100
10010111 01100
10011000 01100
10011001 01100
10011010 01100
10011011 01100
10011100 01100
10011101 01101
10011110 01101
10011111 01101
10100000 01101
10100001 01101
10100010 01101
10100011 01101
10100100 01101
10100101 01101
10100110 01101
10100111 01101
10101000 01101
10101001 01101
10101010 01101
10101011 01101
10101100 01101
10101101 01101
10101110 01101
10101111 01101
10110000 01101
10110001 01101
10110010 01101
10110011 01101
10110100 01101
10110101 01101
10110110 01101
10110111 01110
10111000 01110
10111001 01110
10111010 01110
10111011 01110
10111100 01110
10111101 01110
10111110 01110
10111111 01110
11000000 01110
11000001 01110
11000010 01110
11000011 01110
11000100 01110
11000101 01110
11000110 01110
11000111 01110
11001000 01110
11001001 01110
11001010 01110
11001011 01110
11001100 01110
11001101 01110
11001110 01110
11001111 01110
11010000 01110
11010001 01110
11010010 01110
11010011 01111
11010100 01111
11010101 01111
11010110 01111
11010111 01111
11011000 01111
11011001 01111
11011010 01111
11011011 01111
11011100 01111
11011101 01111
11011110 01111
11011111 01111
11100000 01111
11100001 01111
11100010 01111
11100011 01111
11100100 01111
11100101 01111
11100110 01111
11100111 01111
11101000 01111
11101001 01111
11101010 01111
11101011 01111
11101100 01111
11101101 01111
11101110 01111
11101111 01111
11110000 01111
11110001 10000
11110010 10000
11110011 10000
11110100 10000
11110101 10000
11110110 10000
11110111 10000
11111000 10000
11111001 10000
11111010 10000
11111011 10000
11111100 10000
11111101 10000
11111110 10000
11111111 10000

