.i 7
.o 3
0001100  010
0001101  000
0001110  000
0001111  000
0001000  011
0001001  001
0001010  000
0001011  000
0011100  100
0011101  000
0011110  000
0011111  001
0000100  101
0000101  000
0000110  001
0000111  001
0011000  110
0011001  001
0011010  001
0011011  000
0010100  111
0010101  001
0010110  001
0010111  001
0101100  010
0101101  000
0101110  010
0101111  010
0101000  011
0101001  001
0101010  010
0101011  010
0111100  010
0111101  100
0111110  010
0111111  011
0100000  010
0100001  101
0100010  011
0100011  011
0111000  011
0111001  110
0111010  011
0111011  010
0110000  011
0110001  111
0110010  011
0110011  011
1001100  100
1001101  100
1001110  000
1001111  100
1000100  101
1000101  100
1000110  001
1000111  100
1011100  100
1011101  100
1011110  010
1011111  101
1000000  100
1000001  101
1000010  011
1000011  101
1010100  101
1010101  101
1010110  110
1010111  100
1010000  101
1010001  101
1010010  111
1010011  101
1101000  110
1101001  110
1101010  110
1101011  000
1100100  111
1100101  110
1100110  110
1100111  001
1111000  110
1111001  110
1111010  111
1111011  010
1100000  110
1100001  111
1100010  111
1100011  011
1110100  111
1110101  111
1110110  110
1110111  100
1110000  111
1110001  111
1110010  111
1110011  101
