.i 6
.o 12
000000 000000000000
000001 000000000001
000010 000000000100
000011 000000001001
000100 000000010000
000101 000000011001
000110 000000100100
000111 000000110001
001000 000001000000
001001 000001010001
001010 000001100100
001011 000001111001
001100 000010010000
001101 000010101001
001110 000011000100
001111 000011100001
010000 000100000000
010001 000100100001
010010 000101000100
010011 000101101001
010100 000110010000
010101 000110111001
010110 000111100100
010111 001000010001
011000 001001000000
011001 001001110001
011010 001010100100
011011 001011011001
011100 001100010000
011101 001101001001
011110 001110000100
011111 001111000001
100000 010000000000
100001 010001000001
100010 010010000100
100011 010011001001
100100 010100010000
100101 010101011001
100110 010110100100
100111 010111110001
101000 011001000000
101001 011010010001
101010 011011100100
101011 011100111001
101100 011110010000
101101 011111101001
101110 100001000100
101111 100010100001
110000 100100000000
110001 100101100001
110010 100111000100
110011 101000101001
110100 101010010000
110101 101011111001
110110 101101100100
110111 101111010001
111000 110001000000
111001 110010110001
111010 110100100100
111011 110110011001
111100 111000010000
111101 111010001001
111110 111100000100
111111 111110000001
