.i 12
.o 8
0----------- 00000000
1----------- 00000000
00000------- 10000000
000010000000 01000000
000010000001 01000000
000010000010 10000000
000010000011 10000000
000010000100 00100000
000010000101 01000000
000010000110 00100000
000010000111 10000000
000010001000 01000000
000010001001 01000000
000010001010 10000000
000010001011 10000000
000010001100 00100000
000010001101 01000000
000010001110 00100000
000010001111 10000000
000010010000 01000000
000010010001 01000000
000010010010 10000000
000010010011 10000000
000010010100 00100000
000010010101 01000000
000010010110 00100000
000010010111 10000000
000010011000 01000000
000010011001 01000000
000010011010 10000000
000010011011 10000000
000010011100 00100000
000010011101 01000000
000010011110 00100000
000010011111 10000000
000010100000 00010000
000010100001 00010000
000010100010 00010000
000010100011 00010000
000010100100 00100000
000010100101 00100000
000010100110 00100000
000010100111 00100000
000010101000 00010000
000010101001 00010000
000010101010 00010000
000010101011 00010000
000010101100 00010000
000010101101 00010000
000010101110 00010000
000010101111 00010000
000010110000 01000000
000010110001 01000000
000010110010 10000000
000010110011 10000000
000010110100 00100000
000010110101 01000000
000010110110 00100000
000010110111 10000000
000010111000 00010000
000010111001 00010000
000010111010 00010000
000010111011 00010000
000010111100 00010000
000010111101 00010000
000010111110 00010000
000010111111 00010000
000011000000 00100000
000011000001 01000000
000011000010 00100000
000011000011 10000000
000011000100 00100000
000011000101 01000000
000011000110 00100000
000011000111 10000000
000011001000 00100000
000011001001 01000000
000011001010 00100000
000011001011 10000000
000011001100 00100000
000011001101 01000000
000011001110 00100000
000011001111 10000000
000011010000 00100000
000011010001 01000000
000011010010 00100000
000011010011 10000000
000011010100 00100000
000011010101 01000000
000011010110 00100000
000011010111 10000000
000011011000 00100000
000011011001 01000000
000011011010 00100000
000011011011 10000000
000011011100 00100000
000011011101 01000000
000011011110 00100000
000011011111 10000000
000011100000 00100000
000011100001 00100000
000011100010 00100000
000011100011 00100000
000011100100 00100000
000011100101 01000000
000011100110 00100000
000011100111 10000000
000011101000 00010000
000011101001 00010000
000011101010 00010000
000011101011 00010000
000011101100 00010000
000011101101 00010000
000011101110 00010000
000011101111 00010000
000011110000 00100000
000011110001 01000000
000011110010 00100000
000011110011 10000000
000011110100 00100000
000011110101 01000000
000011110110 00100000
000011110111 10000000
000011111000 00010000
000011111001 00010000
000011111010 00010000
000011111011 00010000
000011111100 00010000
000011111101 00010000
000011111110 00010000
000011111111 00010000
0001-------- 00001000
001--------- 00000100
01---------- 00000010
1-0-0--00--- 00010000
1-0-0--01--- 00001000
1-0-0--10--- 00000100
1-0-0--11--- 00000010
1-0-1--00--- 10000000
1-0-1--01--- 00000001
1-0-1--10--- 00100000
1-0-1--11--- 01000000
1-1-0--00--- 00010000
1-1-0--01--- 00001000
1-1-0--10--- 00010000
1-1-0--11--- 00001000
1-1-1--00--- 00000001
1-1-1--01--- 00000001
1-1-1--10--- 00000001
1-1-1--11--- 00000001
0----------- 00000000
1----------- 00000000
